101 200 850
102 500 850
103 650 850
104 900 850
105 1150 850
106 1150 450
107 900 450
108 650 450
109 550 450
110 400 450
111 200 450
112 100 450
113 550 250
114 550 50
115 700 50
116 900 50
117 900 250

401 0 500 300 800
402 300 500 600 800
403 700 500 1100 800
404 950 100 1200 400
405 600 100 850 400
406 150 200 500 400
407 0 0 300 200

201 200 650
202 500 650
203 900 650
204 1150 250
205 700 250
206 400 250
207 100 100

301 101 102
302 101 201
303 102 103
304 102 202
305 103 104
306 103 108
307 104 105
308 104 203
309 105 106
310 106 107
311 107 108
312 107 117
313 108 109
314 109 110
315 109 113
316 110 111
317 110 206
318 111 112
319 111 201
320 112 207
321 113 114
322 113 205
323 114 115
324 115 116
325 115 205
326 116 117
327 117 204